8.0827 12.124 0
10.753 8.5292 0
9.3869 7.0299 0
5.9925 11.301 0
4.2007 5.3286 0
11.867 9.7843 0
12.515 6.5264 0
8.4169 6.615 0
5.0422 5.9927 0
11.451 9.6586 0
6.1319 5.5474 0
6.5839 4.7941 0
10.751 9.7163 0
4.1457 6.8218 0
3.4353 8.8435 0
9.4331 6.8012 0
9.3765 8.9258 0
8.1819 3.0971 0
9.659 9.5561 0
10.392 12.097 0
10.722 10.915 0
6.2476 10.808 0
10.626 7.2227 0
8.6077 8.6349 0
6.2808 8.8306 0
4.4353 8.288 0
10.004 5.4273 0
6.7877 6.7924 0
8.1635 7.3846 0
5.4725 6.4679 0
4.0936 10.108 0
8.3305 12.89 0
7.8207 4.1826 0
11.574 8.3825 0
10.095 4.231 0
10.73 11.376 0
6.0093 11.748 0
5.7539 4.0118 0
5.3604 12.043 0
9.489 4.7566 0
12.934 8.4012 0
10.103 11.176 0
5.4654 8.4826 0
9.6682 12.578 0
6.1149 12.599 0
4.016 8.3869 0
9.6464 3.6236 0
5.485 6.82 0
9.012 5.2838 0
11.734 5.97 0
9.1984 4.631 0
10.96 8.2489 0
5.0146 11.916 0
10.087 5.7419 0
12.709 7.3823 0
9.5782 11.402 0
4.3696 10.857 0
7.3059 9.6589 0
6.4847 11.11 0
9.2145 10.761 0
9.4012 6.7018 0
9.3734 9.4527 0
6.7487 6.9711 0
6.1562 5.2314 0
6.0966 10.049 0
10.761 8.2182 0
3.4857 7.5441 0
7.2787 9.0151 0
8.8433 11.081 0
5.8499 9.2943 0
9.6328 8.6656 0
7.7505 8.979 0
5.0172 8.1628 0
8.5287 5.4627 0
7.1281 10.558 0
6.866 11.898 0
5.7145 6.2839 0
8.1464 12.592 0
3.4904 7.5695 0
6.6292 7.1612 0
6.3148 5.2171 0
5.2837 5.6399 0
9.9713 5.1218 0
5.6054 9.1542 0
9.3964 12.125 0
10.982 9.6116 0
7.4938 10.756 0
8.791 11.821 0
9.2169 3.2437 0
7.7149 7.4101 0
9.8168 9.1858 0
4.4908 9.9936 0
10.843 4.6596 0
5.2158 5.1699 0
3.7375 9.8429 0
11.92 7.6699 0
7.7865 9.8821 0
9.3882 5.0295 0
7.058 3.7631 0
5.0131 10.228 0
3.3493 9.806 0
9.5851 12.131 0
7.2288 3.8785 0
7.435 4.1727 0
9.1013 3.9981 0
4.017 7.8831 0
5.6886 6.0497 0
10.907 11.33 0
9.601 4.1035 0
5.1843 4.1711 0
3.2416 8.4434 0
6.3511 11.443 0
8.6958 5.3898 0
10.52 4.6159 0
8.3301 7.4741 0
5.3769 4.1753 0
9.0698 8.0606 0
4.7254 10.314 0
4.976 8.6852 0
6.4897 3.5891 0
4.4704 6.4588 0
7.0614 6.9538 0
5.9255 12.18 0
7.0956 10.896 0
6.4085 7.8035 0
6.8338 11.726 0
6.481 4.8485 0
11.601 6.9831 0
9.652 11.823 0
8.1616 12.111 0
4.1526 9.9156 0
3.8173 9.2626 0
3.511 6.6608 0
12.746 9.357 0
10.843 5.579 0
8.8654 9.9347 0
4.9544 8.8811 0
4.9717 11.01 0
9.8254 6.5805 0
12.038 9.6413 0
3.885 9.9275 0
6.592 5.1853 0
7.7032 8.5502 0
4.1748 11.067 0
10.725 8.3643 0
6.5816 6.9443 0
12.497 9.0741 0
6.6565 7.0545 0
9.3833 9.4981 0
4.5454 7.5925 0
5.8944 7.9382 0
4.5637 9.3548 0
9.1024 11.825 0
11.698 9.2837 0
6.4994 12.167 0
8.9886 3.4046 0
6.3138 6.4981 0
8.358 8.8275 0
11.318 5.6835 0
8.3512 4.2744 0
4.9103 9.8387 0
5.3453 9.8977 0
7.4078 9.0089 0
7.3384 9.3646 0
5.4346 5.4205 0
8.617 6.3003 0
11.709 7.6876 0
7.1683 5.7224 0
7.2903 9.1514 0
4.6026 11.65 0
5.5234 6.458 0
4.2259 9.7538 0
6.8184 4.8354 0
9.4666 11.738 0
11.783 5.5934 0
12.459 8.5174 0
7.6064 5.9169 0
6.9176 9.7308 0
10.665 8.037 0
9.6818 7.8491 0
9.2498 12.816 0
10.44 6.0246 0
3.9215 7.8708 0
8.9755 12.843 0
7.7232 4.5325 0
5.5834 9.7578 0
5.9742 4.856 0
11.355 10.698 0
5.3897 9.0559 0
4.5069 9.8418 0
8.7474 7.0291 0
12.633 8.565 0
8.0706 12.067 0
8.6469 3.2262 0
5.7305 4.0493 0
12.27 9.0596 0
8.4185 5.8079 0
9.791 6.9988 0
5.6109 4.2437 0
10.519 5.3308 0
9.3234 6.6254 0
4.7034 5.9302 0
8.1283 5.2033 0
6.4798 6.5768 0
8.3466 5.0094 0
7.2855 11.827 0
7.4053 4.9046 0
5.6729 12.096 0
6.8911 6.7156 0
10.008 4.1962 0
12.267 6.487 0
4.8112 10.568 0
12.491 9.9948 0
12.136 8.4343 0
8.5876 9.0022 0
6.9972 10.107 0
6.1553 4.1476 0
10.602 6.1822 0
6.3616 3.6831 0
6.4482 6.4911 0
10.569 10.76 0
9.415 10.329 0
9.7795 12.54 0
9.7233 8.5693 0
7.1283 3.3112 0
6.7071 12.251 0
10.175 11.502 0
5.8431 6.1277 0
11.535 8.6632 0
10.415 10.381 0
8.9886 9.3218 0
8.0107 10.32 0
9.2694 7.6087 0
12.995 7.945 0
7.6035 8.3106 0
4.0568 5.9996 0
11.895 10.894 0
10.06 8.0214 0
5.9423 10.18 0
12.699 6.4651 0
9.6411 4.7973 0
9.028 7.6822 0
5.4646 7.1761 0
5.1728 11.172 0
3.7019 9.473 0
6.5886 9.8038 0
5.3696 4.3909 0
9.9516 5.0844 0
6.8966 8.7019 0
12.397 7.1354 0
2.5 8 1
2.5275 7.4509 1
2.6096 6.9073 1
2.7456 6.3746 1
2.9342 5.8582 1
3.1733 5.3632 1
3.4607 4.8945 1
3.7934 4.4568 1
4.1681 4.0545 1
4.5811 3.6917 1
5.0283 3.3719 1
5.5052 3.0984 1
6.007 2.8738 1
6.5288 2.7004 1
7.0652 2.58 1
7.6109 2.5138 1
8.1606 2.5023 1
8.7086 2.5458 1
9.2496 2.6438 1
9.7781 2.7953 1
10.289 2.9989 1
10.777 3.2523 1
11.237 3.5533 1
11.665 3.8986 1
12.056 4.285 1
12.406 4.7084 1
12.713 5.1647 1
12.972 5.6494 1
13.182 6.1576 1
13.34 6.6841 1
13.445 7.2238 1
13.495 7.7713 1
13.491 8.3211 1
13.431 8.8676 1
13.317 9.4055 1
13.151 9.9293 1
12.932 10.434 1
12.665 10.914 1
12.35 11.365 1
11.993 11.783 1
11.595 12.162 1
11.162 12.501 1
10.696 12.794 1
10.204 13.039 1
9.6903 13.234 1
9.1594 13.376 1
8.6168 13.465 1
8.0681 13.5 1
7.5188 13.479 1
6.9742 13.403 1
6.4399 13.274 1
5.9211 13.092 1
5.4232 12.859 1
4.9509 12.577 1
4.5092 12.25 1
4.1023 11.88 1
3.7344 11.472 1
3.4091 11.029 1
3.1296 10.555 1
2.8989 10.056 1
2.7191 9.5368 1
2.592 9.0019 1
2.519 8.457 1
