21.079 21.012
19.723 18.683
21.252 19.748
19.989 18.913
22.028 20.193
19.663 22.051
18.07 21.278
20.445 22.064
22.323 18.639
17.863 20.321
19.545 18.155
21.857 20.711
17.273 20.463
21.047 22.17
21.3 21.898
20.427 21.308
18.525 19.033
19.985 19.018
20.128 17.191
21.745 19.164
21.028 17.597
19.34 21.752
22.375 21.322
19.892 20.293
18.436 19.272
19.094 20.296
21.273 22.38
20.334 22.31
21.674 19.155
20.146 20.356
22.702 18.783
17.441 20.616
19.191 21.437
19.838 21.73
20.145 17.509
22.363 20.819
20.423 18.335
19.761 19.216
20.135 21.549
21.472 20.584
18.625 19.673
20.892 21.2
18.007 22.081
19.841 18.74
18.522 17.881
18.873 17.993
20.533 18.217
18.045 18.833
18.203 21.048
18.268 17.617
17.14 20.303
19.702 18.47
21.852 21.752
19.648 18.346
19.507 20.016
18.23 18.415
22.424 18.957
19.479 19.457
22.246 19.603
20.73 18.941
19.524 22.043
21.931 20.982
21.324 22.501
19.766 19.418
22.013 21.657
21.919 17.739
19.868 21.288
19.471 20.768
20.827 19.235
20.693 21.37
21.449 21.575
19.526 21.916
21.395 20.819
21.874 21.074
20.355 18.653
20.281 17.991
17.803 19.531
17.893 20.335
17.777 21.446
17.939 18.69
19.682 18.995
18.571 22.632
22.794 19.226
21.011 22.626
17.383 21.217
17.978 19.023
19.773 19.775
17.38 19.671
19.075 20.952
21.657 22.074
19.743 17.429
19.907 22.799
18.239 21.368
18.906 18.919
17.682 19.784
20.752 20.618
19.075 20.606
21.314 22.014
21.941 21.71
21.962 19.347
19.926 19.725
19.029 21.414
17.825 20.214
20.215 22.066
21.728 18.763
19.306 20.96
19.637 20.603
21.006 22.272
21.377 17.856
17.612 20.001
20.422 20.113
20.242 17.106
19.733 22.201
20.903 22.84
19.245 19.519
18.402 20.555
20.565 19.049
20.933 20.78
19.549 19.213
21.562 19.8
18.037 22.093
18.163 18.552
17.063 19.449
21.069 19.844
18.135 19.751
19.579 22.394
21.283 22.582
20.096 18.151
19.132 18.737
18.402 20.98
19.503 19.212
20.818 22.702
18.047 22.107
19.861 21.14
21.484 21.069
17.637 19.437
21.255 21.432
21.185 21.955
18.301 20.273
18.201 22.305
20.85 21.316
21.581 19.785
21.159 20.743
21.316 21.892
17.909 19.296
21.187 19.826
19.306 22.84
18.885 19.059
17.694 21.403
21.879 21.397
20.279 22.533
21.829 20.959
21.556 17.462
18.086 18.565
21.257 21
19.973 20.542
21.205 22.586
21.659 22.106
21.558 20.944
18.402 20.162
19.796 17.497
20.384 22.706
22.987 20.127
21.727 17.824
22.857 20.533
20.86 20.214
20.429 18.844
21.206 20.97
18.981 18.634
21.833 18.01
19.762 17.348
17.688 19.388
21.611 18.84
17.524 20.695
17.744 18.162
20.602 19.565
18.571 17.739
18.741 22.502
19.658 19.753
19.153 22.125
19.544 21.012
20.518 21.73
18.163 18.186
18.145 21.905
17.581 21.674
19.477 17.214
21.33 19.647
18.666 18.761
21.028 20.321
21.015 18.403
21.852 20.522
21.793 21.082
18.631 20.486
18.34 19.771
20.085 17.747
18.665 20.116
22.356 19.155
22.004 18.142
20.202 19.881
19.119 19.567
16.5 20
16.517 19.651
16.57 19.305
16.656 18.966
16.776 18.637
16.928 18.322
17.111 18.024
17.323 17.745
17.562 17.489
17.824 17.258
18.109 17.055
18.412 16.881
18.732 16.738
19.064 16.628
19.405 16.551
19.752 16.509
20.102 16.501
20.451 16.529
20.795 16.592
21.132 16.688
21.457 16.817
21.767 16.979
22.06 17.17
22.332 17.39
22.581 17.636
22.804 17.905
22.999 18.196
23.164 18.504
23.298 18.828
23.398 19.163
23.465 19.506
23.497 19.854
23.494 20.204
23.456 20.552
23.384 20.894
23.278 21.228
23.139 21.549
22.968 21.854
22.768 22.142
22.541 22.407
22.288 22.649
22.012 22.864
21.716 23.051
21.403 23.207
21.076 23.331
20.738 23.421
20.393 23.478
20.043 23.5
19.694 23.487
19.347 23.439
19.007 23.356
18.677 23.24
18.36 23.092
18.06 22.913
17.779 22.705
17.52 22.469
17.286 22.209
17.079 21.927
16.901 21.626
16.754 21.309
16.639 20.978
16.559 20.638
16.512 20.291
